160
4 28 62 67 88 
4 35 98 125 137 
4 93 206 209 211 
4 97 291 296 308 
4 190 386 393 404 
4 196 478 487 491 
4 197 74 142 173 
4 252 202 241 265 
4 286 297 305 309 
4 333 312 342 381 
4 369 382 426 458 
4 420 477 481 493 
4 423 94 103 110 
4 441 146 224 229 
4 482 37 250 272 
4 33 9 327 380 
4 165 42 402 436 
4 12 4 464 479 
4 47 77 480 39 
4 300 45 85 126 
4 326 153 169 238 
4 14 359 257 262 
4 330 295 314 323 
4 299 56 335 343 
4 306 69 374 465 
4 21 160 470 496 
4 454 468 118 130 
4 1 112 131 135 
4 315 144 161 183 
4 421 46 228 232 
4 279 36 270 275 
4 322 281 363 313 
4 256 32 316 340 
4 86 353 355 383 
4 334 101 30 418 
4 352 490 57 428 
4 7 267 87 469 
4 189 92 143 476 
4 212 136 168 102 
4 154 16 43 134 
4 17 225 140 157 
4 358 26 2 167 
4 414 254 51 176 
4 492 162 215 260 
4 410 328 80 331 
4 462 392 185 368 
4 301 472 50 408 
4 158 348 49 415 
4 72 218 417 457 
4 64 89 178 485 
4 170 177 184 63 
4 266 242 68 83 
4 11 123 253 84 
4 495 175 96 150 
4 484 117 172 171 
4 120 219 191 194 
4 213 235 44 205 
4 182 147 246 255 
4 156 231 287 357 
4 319 180 361 370 
3 141 292 488 
3 73 192 274 
3 443 240 53 
3 337 407 461 
3 38 387 133 
3 166 155 58 
3 261 405 145 
3 475 5 282 
3 111 486 75 
3 113 394 179 
3 376 452 82 
3 463 258 216 
3 0 121 365 
3 234 230 152 
3 221 52 122 
3 108 412 259 
3 371 10 429 
3 448 159 54 
3 48 214 289 
3 350 360 293 
3 451 99 127 
3 310 100 124 
3 329 388 66 
3 298 199 78 
3 264 263 304 
3 210 439 222 
3 434 203 31 
3 356 181 25 
3 367 149 129 
3 385 288 186 
3 311 20 449 
3 473 430 303 
3 499 15 198 
3 433 34 41 
3 277 396 106 
3 409 139 362 
3 19 193 40 
3 320 375 116 
3 419 498 280 
3 273 24 395 
3 61 324 95 
3 60 391 345 
3 208 236 217 
3 249 442 23 
3 455 431 302 
3 271 278 81 
3 445 351 411 
3 187 444 104 
3 201 55 79 
3 384 90 285 
3 427 6 204 
3 447 460 128 
3 438 91 138 
3 8 283 237 
3 163 467 339 
3 276 13 247 
3 364 3 226 
3 424 474 268 
3 399 425 164 
3 65 422 378 
2 400 459 
2 437 446 
2 294 307 
2 397 450 
2 105 114 
2 497 336 
2 71 148 
2 188 119 
2 403 132 
2 18 494 
2 332 245 
2 432 325 
2 347 29 
2 195 244 
2 341 70 
2 372 151 
2 233 76 
2 379 373 
2 22 453 
2 269 377 
2 107 390 
2 109 115 
2 200 223 
2 207 227 
2 284 248 
2 174 317 
2 27 366 
2 59 406 
2 251 435 
2 401 456 
2 483 318 
2 489 338 
2 344 220 
2 346 239 
2 354 243 
2 389 290 
2 416 321 
2 471 349 
2 398 413 
2 440 466 
