1628
4 1881 6408 1244 2048 
4 5674 3390 6469 6936 
4 4788 8512 102 3959 
4 611 539 6898 420 
4 7857 440 857 8691 
4 3791 73 35 1011 
4 9793 7589 7680 8910 
4 7397 4349 2943 2971 
4 2919 9308 3831 2989 
4 242 5597 5116 4687 
4 2240 8041 2991 6795 
4 5327 9923 6221 1842 
4 5699 6325 1739 350 
4 7380 495 1398 7312 
4 1627 8467 3955 4934 
4 3214 5587 9353 2223 
4 5511 5434 1879 1367 
4 7516 6362 3282 722 
4 3637 2303 92 3962 
4 1005 5440 9460 5630 
4 4939 6461 4921 2063 
4 7949 7443 6775 9093 
4 5607 2507 2290 494 
4 4865 3732 3441 375 
4 3127 6048 9953 1262 
4 2705 5552 4072 9725 
4 2088 8192 2778 3652 
4 1924 6980 1771 1651 
4 5310 4724 1387 2258 
4 326 779 7790 770 
4 9527 3380 4541 2643 
4 3492 2519 2832 3288 
4 3153 334 1577 783 
4 774 2114 4265 2677 
4 3501 5447 9740 1566 
4 2814 7244 7082 1363 
4 791 8352 7182 8538 
4 1942 1007 6159 7810 
4 7801 4558 8074 2593 
4 5432 1118 1300 3252 
4 210 3572 8514 9428 
4 3233 3113 2014 6138 
4 1447 1455 7469 9467 
4 4691 3815 506 7641 
4 3553 1272 701 5626 
4 8572 4640 4276 4459 
4 3058 4111 9481 1280 
4 7739 4480 3130 8225 
4 5366 3533 655 4493 
4 3534 9896 817 8350 
4 3019 3755 6867 3378 
4 4500 1331 9918 4347 
4 4703 7396 1123 1257 
4 800 2999 2975 5004 
4 3544 5871 8120 1380 
4 9447 9997 3800 9290 
4 5208 285 8457 4603 
4 4547 7985 8575 5139 
4 8886 3970 713 3230 
4 4100 2640 9388 5759 
4 6363 2027 5270 3277 
4 720 2848 8492 6552 
4 2103 2017 5258 1736 
4 7283 1229 944 7338 
4 5373 4720 4722 6906 
4 3099 7381 2341 3720 
4 3379 8277 5385 4432 
4 8646 3709 3336 5762 
4 3686 3642 7169 1790 
4 1525 5486 4903 5243 
4 8077 5780 205 2655 
4 4512 8953 7811 4275 
4 8692 2034 8069 2404 
4 9772 3490 3603 7144 
4 3819 9898 9417 3206 
4 4371 3195 2684 8169 
4 8170 5403 5119 8218 
4 594 4096 7552 6116 
4 1661 4759 223 8404 
4 9869 1304 3285 5933 
4 7045 8949 3535 8005 
4 6993 2345 3836 8249 
4 4787 7601 8046 4497 
4 2825 8856 1432 9738 
4 7595 3203 5475 7114 
4 4923 4569 2369 2217 
4 7467 2869 3571 8971 
4 8819 9783 6736 4543 
4 148 4560 5000 5477 
4 7822 1199 9300 9061 
4 2729 9653 2273 3850 
4 8293 3653 663 9494 
4 3485 3620 8092 3460 
4 5196 9480 7226 7133 
4 337 8459 4017 7774 
4 2597 4812 9067 9116 
4 9006 8324 2986 5414 
4 8039 524 1245 9169 
4 987 6916 246 5381 
4 2086 4054 1247 8362 
4 8201 2923 9441 8619 
4 2776 841 1795 9780 
4 9968 569 3779 5016 
4 2181 2998 929 6712 
4 920 9629 3406 7908 
4 7265 8408 6874 7348 
4 6361 6318 9454 9581 
4 2462 2446 5062 4748 
4 7982 3520 1748 2465 
4 2124 7432 5620 4889 
4 4256 3667 1573 8102 
4 938 4094 6271 5291 
4 7031 167 8096 5112 
4 3458 8473 2719 6276 
4 278 4024 2455 1463 
4 1054 7289 7189 6084 
4 6752 3152 9334 5165 
4 642 100 8795 6594 
4 902 9125 1408 6399 
4 9017 1709 2641 7291 
4 1443 6855 4166 8207 
4 2447 3032 5629 7650 
4 6805 4304 4853 882 
4 9166 6080 6433 8490 
4 6128 5072 8800 3377 
4 1396 313 8680 8916 
4 6854 3627 5092 1241 
4 7000 2438 1641 4462 
4 8144 4309 9517 6267 
4 3924 6732 7021 3461 
4 120 5506 320 6987 
4 797 6200 3185 9420 
4 4088 351 2904 8403 
4 8034 8036 8029 1309 
4 5758 6224 3778 6475 
4 2262 1217 1370 6103 
4 1554 6626 9967 3766 
4 6733 6667 9567 6710 
4 5879 6896 9796 7039 
4 5259 9142 8483 2853 
4 455 3264 9939 1112 
4 6508 5821 5319 7708 
4 7418 397 7448 9824 
4 3046 5202 2581 9127 
4 4525 5641 2005 9850 
4 7307 5491 6139 8993 
4 2436 21 5221 6383 
4 2160 2430 155 15 
4 7574 2099 6418 8787 
4 4782 70 3576 5312 
4 7164 982 9477 8989 
4 6177 1676 2588 7029 
4 1718 3009 8840 551 
4 1190 541 7054 2151 
4 4771 3040 1072 1420 
4 5694 4130 3388 6295 
4 8117 9890 1603 8191 
4 5280 4499 3556 3436 
4 7770 589 914 4207 
4 7101 9949 1342 6503 
4 1307 9739 135 4241 
4 3708 7998 3550 3545 
4 5868 445 8271 2721 
4 6119 6995 6182 9998 
4 7030 5984 9132 7366 
4 6078 6869 7597 9287 
4 5940 1662 8666 1500 
4 2860 7835 6793 8121 
4 2976 5782 5818 588 
4 3407 4070 4180 3116 
4 2277 3999 4310 8825 
4 8725 7578 5634 1719 
4 2066 8706 2413 9113 
4 3054 3920 2764 3215 
4 6427 9103 368 4589 
4 422 8694 9607 4601 
4 4610 5640 9947 6190 
4 4117 4744 5507 7941 
4 1316 2370 9112 3387 
4 4057 6598 6696 1360 
4 1613 4370 3404 6431 
4 8420 8609 1893 9782 
4 7385 558 3094 6066 
4 7108 280 9381 6878 
4 2029 8291 7452 8914 
4 5430 2401 6360 5228 
4 2016 2105 2317 5590 
4 9181 5478 1310 7034 
4 4622 946 3876 3725 
4 928 3268 1752 9817 
4 6940 4418 3742 5354 
4 9390 4973 9147 7035 
4 6545 4394 8974 9704 
4 3683 2682 8445 563 
4 9538 679 9445 8765 
4 6518 5408 7722 8054 
4 2797 5358 9228 3197 
4 4105 4141 2276 8300 
4 8318 2208 1434 9708 
4 5639 9617 8664 5937 
4 5082 8888 8649 4593 
4 8015 4637 4872 7575 
4 7939 9370 2145 7160 
4 7050 5766 3960 9731 
4 9656 3864 3751 724 
4 2152 214 4084 3081 
4 8174 4749 1185 7376 
4 452 2828 8959 7738 
4 9763 270 3459 3682 
4 643 6913 8973 7113 
4 1563 9144 4114 5893 
4 7972 2187 6043 9640 
4 6377 863 3198 4008 
4 7855 1213 1844 1776 
4 118 1894 9012 6991 
4 7207 3465 9317 9395 
4 1720 1985 4680 7705 
4 7083 8887 861 8226 
4 6564 8554 2780 6236 
4 3077 702 2396 5857 
4 1158 5754 1236 9992 
4 8731 3951 99 1828 
4 5263 3650 3701 1493 
4 3448 6676 8024 2871 
4 6371 3854 3589 6909 
4 7245 6165 625 2366 
4 1679 8126 6658 3393 
4 3210 1169 2845 7203 
4 1911 981 7084 5555 
4 2537 4586 7816 3435 
4 5693 3919 5638 4606 
4 8586 2174 8782 1448 
4 1522 3844 7379 3525 
4 7608 6910 1940 4686 
4 7907 2414 52 5560 
4 4005 1379 4396 8678 
4 9101 5843 7456 9916 
4 8353 7028 4454 9396 
4 5265 8140 5826 1457 
4 5545 1184 3148 5684 
4 3602 9084 8574 9351 
4 7775 5318 7763 3093 
4 2344 9178 4302 3829 
4 2382 4615 7358 1108 
4 3813 9363 1456 1343 
4 7736 8402 7317 6251 
4 5947 8441 6877 5069 
4 6264 4342 6802 680 
4 4144 6439 286 266 
4 966 9064 8799 6303 
4 5417 7436 927 5394 
4 7239 5539 1769 3245 
4 3145 166 1104 3036 
4 2243 3112 344 2132 
4 1135 5 4039 1757 
4 3841 1630 8905 8217 
4 7255 2777 3711 5500 
4 2229 1794 1033 4125 
4 5993 9077 1089 9412 
4 8597 6597 1520 6001 
4 8733 5776 5878 5971 
4 4439 4354 5334 470 
4 5672 4112 1239 528 
4 967 599 4152 6194 
4 8652 9803 1772 2286 
4 7440 1322 4799 6086 
4 8232 5673 2865 6970 
4 2665 8729 4348 4086 
4 9723 4908 6013 1428 
4 6444 2528 5050 8764 
4 7206 647 9472 2767 
4 3977 7841 9277 3100 
4 2492 4268 8255 7765 
4 1230 2511 6004 330 
4 4001 2115 4760 2644 
4 7439 8281 6032 8157 
4 4220 1454 7193 1901 
4 3675 641 5572 7477 
4 3007 6241 3699 4897 
4 8150 2168 2491 3733 
4 8955 8460 8892 80 
4 9586 5681 2637 4181 
4 1096 6551 6820 5033 
4 4092 2496 9925 9979 
4 8568 6780 6106 1913 
4 2006 3660 2197 3287 
4 8559 2648 5571 7503 
4 1508 634 497 6563 
4 9505 3067 3826 1325 
4 6652 736 9442 2445 
4 6184 5024 8048 6091 
4 1153 2343 7378 5405 
4 9954 890 8243 8428 
4 9603 7346 989 5650 
4 6929 7694 2069 1785 
4 4625 7818 6292 9808 
4 7959 7942 4199 2679 
4 4520 1198 8279 3868 
4 4311 7926 6847 8188 
4 468 7281 4420 5344 
4 9316 8506 36 8943 
4 3528 2815 4905 7107 
4 9206 9372 7630 4864 
4 8756 8832 8693 2524 
4 5602 2307 2868 4159 
4 8503 4124 1425 7328 
4 7932 4472 2458 2350 
4 5636 9598 9476 7754 
4 7404 8139 3957 2015 
4 374 6169 3056 1314 
4 2246 9668 9191 1144 
4 4841 9830 3319 560 
4 7531 2837 3430 3071 
4 7916 7012 7619 2606 
4 5585 1069 2031 9053 
4 2202 1853 4051 8544 
4 4967 8690 4350 2844 
4 1734 6851 4460 2675 
4 67 7698 8580 5695 
4 3978 5631 9518 7784 
4 7652 6704 7073 9758 
4 5294 9692 4590 2078 
4 1319 4073 9683 1926 
4 1546 3739 6092 3374 
4 192 1430 1855 4654 
4 8755 4250 9801 5735 
4 4834 3118 5654 971 
4 1366 9700 4401 9202 
4 6769 758 3103 8843 
4 8928 6111 8793 7947 
4 1163 6908 6204 843 
4 2469 6141 9109 5230 
4 4407 7143 9049 6035 
4 2717 1355 8216 1721 
4 9540 3250 8769 6608 
4 8804 7417 8427 7126 
4 1412 9630 8448 4597 
4 7061 8790 3630 1458 
4 7210 9798 9298 7837 
4 1399 2570 6422 4849 
4 930 6714 7247 2714 
4 9981 8717 6322 4927 
4 6212 4690 9373 9422 
4 7148 5996 8369 2973 
4 3760 2239 2040 8622 
4 822 4730 8315 9279 
4 8222 7864 2431 5846 
4 6187 3554 3770 9402 
4 65 9136 4805 5679 
4 926 7537 4544 661 
4 6168 7066 8489 4295 
4 7900 153 6386 6729 
4 7557 4282 3921 454 
4 9645 5267 7280 8295 
4 9254 9042 7070 4395 
4 9673 9448 339 9452 
4 7149 8378 5314 1797 
4 7253 3335 4980 2894 
4 9336 1686 3462 2302 
4 5730 6149 1900 1232 
4 371 891 8042 2032 
4 3420 1286 7004 933 
4 8 5269 747 479 
4 2180 8738 7161 6041 
4 8204 8267 3979 3200 
4 9473 8583 2235 6192 
4 2805 7840 8033 9924 
4 5080 7197 9497 7285 
4 8229 5201 4745 1896 
4 9804 9333 3359 6071 
4 2013 475 7505 8515 
4 693 867 8484 897 
4 3202 1440 1264 4029 
4 1128 9753 2755 1028 
4 6129 5498 5078 7027 
4 2703 7131 2090 5565 
4 6822 3596 7242 7325 
4 6438 3980 3514 707 
4 3027 134 2852 2130 
4 304 4397 853 721 
4 5256 8688 3162 3886 
4 784 3383 9315 1126 
4 8391 4431 6931 3659 
4 3423 1461 7701 5704 
4 7272 4976 6445 8702 
4 5616 9762 9639 6465 
4 9267 8380 5737 3190 
4 4894 991 5054 2037 
4 5029 9369 6843 1 
4 2225 8439 1784 400 
4 7043 9034 3467 3986 
4 1029 9987 7411 3182 
4 6331 7465 9170 6287 
4 7499 447 7911 5282 
4 3484 5492 4162 2851 
4 298 7172 9891 7720 
4 8449 9613 7538 2938 
4 3165 2122 9058 2204 
4 6180 5784 5377 4566 
4 6456 2257 5805 4607 
4 9464 8771 5179 9915 
4 4641 9787 5445 7609 
4 8897 7817 7016 2322 
4 2192 3296 8414 5858 
4 5570 3591 9073 3236 
4 9324 5637 5301 3134 
4 978 6346 535 1067 
4 9070 2535 6449 5468 
4 6546 254 7044 3969 
4 6057 9229 4708 276 
4 2743 8389 2321 387 
4 3478 5419 3291 3160 
4 5042 8526 5930 2670 
4 3381 1639 4481 6978 
4 3293 9499 3974 3713 
4 103 3498 239 5114 
4 7345 5148 2626 6207 
4 6915 8869 3226 5767 
4 7640 4609 4067 9081 
4 1832 4260 2119 5738 
4 2228 5128 5771 2158 
4 7636 5894 6416 1637 
4 5962 4599 4729 852 
4 909 8162 4168 4883 
4 3367 8509 8541 8631 
4 4997 9345 5397 5765 
4 6902 8762 5680 3085 
4 2035 9438 1732 1674 
4 1867 1087 4128 6559 
4 5531 1673 229 6342 
4 1337 9561 2816 4068 
4 7623 9378 6238 2004 
4 2505 377 6173 2338 
4 3991 9594 6195 5605 
4 7140 3524 5855 8248 
4 5714 6603 4383 952 
4 4855 3618 4422 9275 
4 4734 7056 3946 3429 
4 7541 381 5807 6992 
4 3741 7339 2990 3615 
4 9356 396 1921 8022 
4 6074 8021 9652 9726 
4 2230 5932 4400 8798 
4 9996 8600 2926 7355 
4 9120 8113 5677 4789 
4 6849 9029 705 3139 
4 5098 2450 4277 7910 
4 9962 9548 2093 2387 
4 9606 9010 9697 3410 
4 4545 8110 2365 3814 
4 2463 8871 8241 6209 
4 5516 4659 1816 913 
4 9176 8055 3569 5097 
4 7139 2888 9542 2698 
4 4958 6617 5963 8763 
4 1275 1761 6863 1204 
4 2364 6068 90 7333 
4 9670 293 2929 6506 
4 469 2188 543 4815 
4 3321 7041 3994 8091 
4 4710 9864 8630 8149 
4 3223 2118 8030 7215 
4 264 6668 3706 3416 
4 8213 7904 1727 6602 
4 489 4429 1912 8917 
4 5292 5099 4836 6666 
4 2870 3376 7520 3604 
4 6754 5697 1962 2075 
4 3793 1957 731 8444 
4 3411 6600 6884 7687 
4 695 6516 8589 4441 
4 9716 5011 2284 3872 
4 7870 8711 3600 8885 
4 3051 8626 5307 426 
4 828 3662 3477 4960 
4 398 1417 1906 9550 
4 9964 8310 6555 6763 
4 2216 410 4188 295 
4 6153 7508 9163 8902 
4 4495 4358 3726 2440 
4 8720 6213 1394 1529 
4 6402 6486 4624 8830 
4 211 4231 8884 7435 
4 5604 3967 6587 9531 
4 2697 5884 2493 9756 
4 2157 5830 4206 8802 
4 961 5645 9141 2742 
4 7967 5117 8175 4900 
4 1989 1147 3456 6895 
4 427 4827 9335 1393 
4 2264 6265 7572 2150 
4 9328 7110 7256 1607 
4 6649 5659 4800 5968 
4 6282 2092 2214 8262 
4 6105 8394 4774 6349 
4 1588 1675 2378 2992 
4 4232 7038 547 6047 
4 4151 333 5988 6380 
4 862 112 7878 4577 
4 8240 9865 5904 5233 
4 3625 5412 6455 1660 
4 4735 4255 1419 6230 
4 6811 959 4971 9164 
4 6045 5283 4006 7354 
4 8970 1767 5428 7264 
4 1559 5350 4604 2726 
4 4252 2226 557 5402 
4 284 9966 9919 4485 
4 9041 1517 4970 8537 
4 1220 9001 733 1532 
4 5547 8629 9485 1392 
4 8505 5852 8921 5065 
4 72 7074 621 5827 
4 4531 408 584 6844 
4 4850 29 4910 6214 
4 9281 5733 8935 5047 
4 6118 8231 231 2138 
4 6821 4336 592 2271 
4 8361 4154 7710 1780 
4 7388 7647 6759 2624 
4 2898 3480 4343 3502 
4 1961 8031 8418 2558 
4 3984 9596 5236 5425 
4 4325 5543 1575 1605 
4 3308 5839 84 5326 
4 1287 2398 2403 8422 
4 9238 3672 2855 7091 
4 812 3590 8672 5598 
4 2561 9991 8165 3217 
4 2683 6723 317 9306 
4 8118 5022 3734 8339 
4 7103 4516 1786 7940 
4 2376 9244 5651 4430 
4 7992 6096 3129 5251 
4 8606 6686 7449 8710 
4 3466 6088 9635 1704 
4 1114 1644 8288 544 
4 888 5900 7181 5974 
4 3930 6687 4587 5226 
4 7258 4186 6218 8669 
4 4107 3000 785 490 
4 1851 566 5495 1983 
4 7712 258 523 5841 
4 883 6255 9657 534 
4 4661 9321 6395 2193 
4 2143 4142 8532 79 
4 5424 75 3166 1659 
4 9086 8462 6211 2409 
4 3144 4474 2616 3317 
4 2532 9734 5053 7707 
4 9647 6288 7459 2575 
4 5558 9435 8932 4409 
4 5311 3273 5244 5652 
4 1801 9220 1996 4118 
4 8625 2915 907 5532 
4 9523 7192 8247 6151 
4 4581 9425 8010 3688 
4 5164 8642 4803 5248 
4 81 6650 4176 777 
4 8872 1254 951 4071 
4 955 2850 9614 1390 
4 3729 3737 235 6642 
4 8049 8518 4007 105 
4 7892 6099 819 755 
4 9745 9418 7874 5880 
4 2418 7607 5973 5061 
4 163 6462 7618 2135 
4 7865 4704 7476 7271 
4 1256 17 9839 3982 
4 9770 4966 217 5060 
4 5919 1541 8386 9520 
4 8639 7872 7067 5775 
4 5158 4022 5142 9621 
4 4696 5051 4626 3180 
4 1044 5786 4852 3232 
4 2610 3606 3489 2784 
4 4339 2441 1051 8111 
4 7648 4297 7254 6009 
4 6191 7089 9773 5743 
4 6684 6620 6014 4378 
4 4025 7135 7726 9110 
4 3358 960 5873 676 
4 6073 4679 6979 2256 
4 3941 7188 6393 1242 
4 3343 7884 4259 2108 
3 1618 3992 5663 
3 3432 6005 4476 
3 8326 3149 793 
3 3357 5188 4464 
3 8498 7653 9401 
3 6291 9601 1031 
3 12 4929 6657 
3 5557 6454 6394 
3 2931 5721 43 
3 8975 7868 8018 
3 2200 9160 3326 
3 9816 5079 493 
3 725 4667 3163 
3 6280 6664 8707 
3 7374 3222 2615 
3 1258 5912 2631 
3 1277 2102 3038 
3 805 5851 8057 
3 9055 9439 7621 
3 7510 4712 3035 
3 8536 1093 6235 
3 8202 8766 2163 
3 5272 2234 1397 
3 8628 583 6838 
3 8781 7657 7766 
3 5978 2823 6860 
3 9625 2172 6081 
3 6771 2354 1364 
3 632 3884 6423 
3 2198 1263 3304 
3 1327 9024 9648 
3 3428 6390 8051 
3 8429 1252 7086 
3 7249 8478 439 
3 3845 7755 1386 
3 7461 7938 2840 
3 2514 366 2891 
3 9834 6143 4085 
3 6846 900 8934 
3 1027 4316 0 
3 5649 3216 6766 
3 146 9293 3283 
3 5274 732 5125 
3 2827 4435 9355 
3 8163 6596 3624 
3 7842 9508 6029 
3 1822 7166 8939 
3 3276 2070 519 
3 5513 1710 115 
3 3679 2711 3256 
3 8161 2981 1916 
3 8906 7779 8017 
3 9165 3981 244 
3 188 7072 4484 
3 7735 10 4548 
3 6496 8488 2210 
3 4857 4820 4087 
3 8209 7060 6490 
3 7890 704 9909 
3 1665 3574 5890 
3 5998 7098 7555 
3 4013 2687 6864 
3 3427 1521 9676 
3 5370 9845 6943 
3 6016 6592 1824 
3 1308 590 2752 
3 6580 2270 9814 
3 417 5579 6677 
3 3327 3242 7190 
3 1182 3405 1939 
3 6447 1572 8106 
3 1947 4060 4359 
3 741 1433 5887 
3 443 5922 4261 
3 3174 9215 4391 
3 7843 4379 869 
3 9415 4272 9757 
3 481 2224 7997 
3 8332 3108 2608 
3 5389 4416 3687 
3 6000 8272 5433 
3 5872 1564 3911 
3 7599 3616 8744 
3 8747 6537 4542 
3 1528 9521 790 
3 5725 6808 9722 
3 2653 2254 1139 
3 6831 7491 8461 
3 9075 1059 5795 
3 5317 880 6140 
3 1113 6350 7310 
3 545 2274 7235 
3 8458 207 1527 
3 1004 1658 4357 
3 1597 5551 3240 
3 6840 7496 2741 
3 536 2171 9082 
3 3585 185 113 
3 3453 2969 5296 
3 8321 4334 6185 
3 9721 7511 3805 
3 7334 1302 8063 
3 2249 9391 7563 
3 9283 7955 2361 
3 3057 7129 7205 
3 9483 9117 9554 
3 8826 6019 2156 
3 8997 9003 8482 
3 2908 1281 2672 
3 3228 4444 2834 
3 6018 7946 9778 
3 9488 5185 6582 
3 6749 5421 6414 
3 2751 3786 894 
3 2218 9990 2082 
3 2531 986 8182 
3 8965 8453 919 
3 7791 1834 4404 
3 1589 7305 2539 
3 5914 5869 474 
3 3536 8623 2125 
3 7474 3952 4697 
3 3257 5457 6055 
3 3806 9812 8948 
3 4314 2373 8818 
3 4953 8440 8858 
3 2883 5422 4341 
3 1465 6113 107 
3 3386 9235 126 
3 1579 5162 7721 
3 3415 5141 9681 
3 4930 5126 6709 
3 5450 7667 8531 
3 9837 3821 104 
3 3797 256 1459 
3 686 2131 5463 
3 3208 4065 7331 
3 4215 1381 2534 
3 4583 7178 372 
3 6305 5383 879 
3 4621 3241 6717 
3 1400 8430 671 
3 9714 5285 6886 
3 709 3022 949 
3 1531 575 807 
3 7327 3366 1574 
3 854 9872 3140 
3 1207 8896 4369 
3 5883 7426 282 
3 7167 7769 1418 
3 6707 8776 892 
3 3976 4868 7146 
3 8988 9735 5371 
3 1340 4258 1670 
3 6832 6505 9743 
3 6289 444 354 
3 3530 8647 3989 
3 3341 8023 8261 
3 5774 7603 7624 
3 8020 1436 3609 
3 9729 6903 4129 
3 629 6904 7807 
3 7730 7620 5987 
3 6365 3617 2386 
3 4503 1602 7986 
3 9184 7635 8238 
3 1754 4198 9211 
3 5232 6967 7165 
3 9364 6388 6977 
3 5606 7330 3439 
3 6223 8417 3369 
3 5736 1473 7905 
3 5257 7787 154 
3 2237 4196 2468 
3 9107 6568 8556 
3 6955 8620 212 
3 3261 7564 4345 
3 9326 5378 809 
3 1596 1548 485 
3 717 3080 6941 
3 2800 3768 8260 
3 5760 5619 787 
3 3966 4223 5825 
3 2763 9849 5105 
3 56 3757 6765 
3 9933 7929 3537 
3 7885 3039 1594 
3 5084 4506 2477 
3 279 9007 7341 
3 2658 5339 5696 
3 9713 3772 226 
3 7915 8104 1899 
3 7019 7709 1100 
3 4769 4322 5524 
3 4628 4515 3923 
3 466 5337 2826 
3 9863 9599 5708 
3 3314 3442 715 
3 9413 138 8084 
3 6389 5253 1779 
3 7387 6689 5609 
3 1346 1759 9766 
3 5895 5420 7191 
3 7180 1859 8893 
3 996 5154 4904 
3 4670 8663 8900 
3 939 7447 1943 
3 6692 7691 501 
3 9583 7966 5706 
3 5512 5113 941 
3 2835 1571 1482 
3 7401 4523 4170 
3 4197 9177 8224 
3 9958 8007 2315 
3 7898 5356 4845 
3 868 1265 2327 
3 4254 9544 1878 
3 3088 1907 5347 
3 729 4653 9076 
3 3676 7771 7468 
3 6618 2211 2379 
3 8230 8426 520 
3 7466 4266 684 
3 9028 5520 5781 
3 3758 484 7836 
3 6956 76 1269 
3 5732 6634 3673 
3 1483 9699 2384 
3 9045 7535 5406 
3 3412 5145 2650 
3 7803 4463 5921 
3 6042 6308 5832 
3 1948 1936 624 
3 7742 5668 4101 
3 9234 7421 296 
3 2688 5861 6010 
3 206 2699 3301 
3 3539 4592 2867 
3 9892 349 6471 
3 4701 4596 1740 
3 5804 5332 9569 
3 7154 8065 3644 
3 4714 3696 9242 
3 8643 8591 20 
3 6304 6738 1402 
3 7596 9469 5064 
3 7613 5325 5454 
3 8472 9318 5031 
3 1557 832 4912 
3 7204 5865 7506 
3 7248 8907 6366 
3 2308 2907 7124 
3 4736 8119 403 
3 3396 1177 3253 
3 5437 8093 4049 
3 8528 4365 3504 
3 7689 3469 66 
3 9776 7241 1237 
3 993 2691 3298 
3 3749 2754 2316 
3 9074 3109 4385 
3 4658 9889 2963 
3 359 4285 1856 
3 4329 9950 3041 
3 9380 3949 9702 
3 730 9530 5523 
3 764 275 5396 
3 6341 9995 7480 
3 936 5351 3364 
3 5436 3001 1773 
3 4020 8695 5838 
3 1361 771 5959 
3 6964 9557 4270 
3 253 3003 7513 
3 236 7758 23 
3 6347 9262 6982 
3 9182 7162 1763 
3 6829 7370 3601 
3 7569 6999 2707 
3 6491 7902 482 
3 2839 9302 243 
3 7812 6683 3098 
3 9747 9357 9767 
3 2309 5052 7303 
3 6947 9564 9192 
3 2328 480 7834 
3 7134 7081 3289 
3 9259 8665 1909 
3 3619 7821 9881 
3 5086 7777 6861 
3 1519 9854 3830 
3 6136 1668 8912 
3 7494 5553 9268 
3 2987 7353 6691 
3 9888 7853 7213 
3 6053 2526 4677 
3 9935 2765 6335 
3 6693 5713 8343 
3 7359 2863 1756 
3 766 8137 6778 
3 8534 1654 361 
3 3903 5642 8035 
3 1470 6372 5783 
3 8379 728 6229 
3 6163 8307 608 
3 8613 2739 1423 
3 8806 8527 4838 
3 7463 7612 9496 
3 1389 3522 3128 
3 4660 5149 1339 
3 9904 7527 5395 
3 6527 5426 745 
3 9513 3823 813 
3 2924 1671 3397 
3 1733 476 1657 
3 9297 6030 673 
3 8237 9701 7415 
3 1479 2295 7727 
3 4323 2884 7420 
3 7301 13 2372 
3 6859 2199 2337 
3 3189 4109 6779 
3 209 2954 2310 
3 3373 2324 8940 
3 4312 5748 9051 
3 5281 5599 9847 
3 6109 9009 1024 
3 5240 22 3263 
3 509 176 471 
3 3201 9362 1744 
3 6458 3581 8577 
3 968 5961 257 
3 7423 9124 6997 
3 3488 3126 3611 
3 757 9083 6376 
3 6147 7321 5480 
3 4979 3371 6773 
3 97 5284 7414 
3 4562 1946 2501 
3 2720 9027 1764 
3 4104 198 8980 
3 7276 4698 9866 
3 7512 9095 9194 
3 3045 654 7969 
3 3247 4242 7530 
3 9280 6450 8728 
3 1831 5469 5528 
3 3069 997 3029 
3 2326 5471 9952 
3 2949 269 2334 
3 698 3205 4182 
3 6544 3083 4854 
3 8808 8197 8863 
3 8601 388 2536 
3 5363 414 564 
3 215 9941 918 
3 3496 6828 8718 
3 8519 2625 9346 
3 3825 5716 383 
3 3689 7485 7326 
3 384 491 6953 
3 2395 4747 6337 
3 7616 9424 5739 
3 2740 6713 578 
3 4044 2571 2813 
3 57 1919 7859 
3 3621 5461 3075 
3 2206 1742 7598 
3 9877 6329 559 
3 937 8454 4171 
3 3812 3452 5427 
3 7159 7238 5435 
3 9806 2659 1533 
3 9038 2959 4362 
3 9880 1382 2177 
3 1481 5764 9712 
3 8308 4417 6825 
3 1162 5522 3848 
3 3353 4313 3817 
3 5809 3869 1723 
3 2552 7040 3156 
3 1526 2030 4578 
3 1645 8377 9948 
3 5070 9185 421 
3 9434 683 6189 
3 9687 477 6816 
3 2167 6468 8145 
3 7797 6727 1478 
3 8791 327 3507 
3 9695 1206 530 
3 651 9574 2149 
3 5882 5431 8273 
3 3076 4688 3588 
3 5573 2385 2550 
3 3131 2057 8611 
3 740 492 1351 
3 1970 8349 5854 
3 637 1037 3052 
3 9104 4502 9985 
3 5138 6064 5927 
3 9432 802 5994 
3 464 6260 4470 
3 2628 1132 8617 
3 5085 4138 164 
3 137 5087 9069 
3 1438 1716 8703 
3 6338 2471 2668 
3 1774 3510 364 
3 3312 2485 4871 
3 7386 7425 6144 
3 5275 5591 6311 
3 5686 121 3444 
3 2627 8746 3519 
3 3011 6514 187 
3 24 2332 3005 
3 9121 4466 2820 
3 3302 9119 1611 
3 331 8816 3592 
3 8726 2209 8952 
3 7356 6059 9659 
3 3101 6467 6774 
3 3424 2792 2953 
3 8095 9479 4540 
3 4200 7965 6951 
3 7229 3580 316 
3 1102 4251 165 
3 549 7155 4959 
3 4327 904 9033 
3 6623 3597 9874 
3 2614 9895 7175 
3 5387 6087 4046 
3 8354 4817 6803 
3 972 4727 3881 
3 1224 8047 7221 
3 9122 9649 8070 
3 5755 4619 1715 
3 1047 3956 2960 
3 6403 9126 9463 
3 1221 6560 310 
3 5380 9423 190 
3 6622 7363 247 
3 3091 3014 6379 
3 7163 18 409 
3 4926 618 8867 
3 3790 9810 2383 
3 221 9926 761 
3 3281 8283 8263 
3 6697 8683 531 
3 5264 1534 3743 
3 5578 1348 6914 
3 6535 9105 1608 
3 1186 8173 3775 
3 3213 9322 8107 
3 2900 2591 5905 
3 459 9600 7660 
3 5842 9642 9436 
3 179 2541 8195 
3 2759 2248 3508 
3 2544 1475 9337 
3 5066 6944 6962 
3 591 5752 7337 
3 5262 9174 4423 
3 9585 4093 4010 
3 7999 7427 9969 
3 4754 3493 5701 
3 1833 4012 399 
3 1552 174 9669 
3 2480 7137 2047 
3 6610 5517 9167 
3 4479 8258 340 
3 3747 2595 9456 
3 5611 1352 1897 
3 3425 1076 664 
3 3608 1078 4942 
3 1817 9414 6577 
3 6764 7913 712 
3 4465 6054 9710 
3 8177 6483 7570 
3 5582 4925 8245 
3 4835 9733 1194 
3 8371 7263 4740 
3 8142 8251 1707 
3 5479 3254 8396 
3 8854 2565 7728 
3 808 2601 8841 
3 4408 6489 2701 
3 2521 8972 2474 
3 8961 5122 3483 
3 433 4783 2399 
3 4818 251 308 
3 2147 5608 4945 
3 3871 7536 1697 
3 9098 3499 9641 
3 6680 6441 5241 
3 86 1016 1200 
3 7212 8059 899 
3 1925 3178 7138 
3 7871 4891 8773 
3 3111 8410 219 
3 5853 4881 363 
3 6699 8009 2419 
3 2686 7936 1599 
3 9634 7626 1586 
3 8383 1695 1041 
3 3413 1376 849 
3 4433 9278 7288 
3 7033 4629 8266 
3 9134 9161 1604 
3 7809 6493 9404 
3 5936 824 6333 
3 3449 2484 6946 
3 2748 4638 8013 
3 2097 9025 8560 
3 7216 7858 1022 
3 6323 2232 4228 
3 6852 3562 9862 
3 7559 4294 6407 
3 2895 9383 4262 
3 6487 2388 4861 
3 6272 1628 4709 
3 5747 7977 1371 
3 6790 1101 4620 
3 6488 8198 8742 
3 3141 5956 6300 
3 2081 6604 1238 
3 8919 829 1442 
3 7509 2533 6575 
3 8767 3838 1516 
3 4742 108 4427 
3 5120 2139 3902 
3 1471 9536 4496 
3 8257 6249 6306 
3 7711 5596 8543 
3 2349 1273 1181 
3 1717 2518 5329 
3 5170 5439 8861 
3 3037 6748 6477 
3 5106 9493 8785 
3 5719 5059 7975 
2 3640 234 
2 8388 362 
2 5938 4510 
2 1864 230 
2 4115 6511 
2 7251 4685 
2 9589 6 
2 8758 389 
2 9870 1846 
2 7046 6961 
2 9727 3368 
2 886 3031 
2 2750 1290 
2 4482 6002 
2 1115 7994 
2 6120 3271 
2 4873 7078 
2 8364 4870 
2 3417 358 
2 1625 4077 
2 8395 6761 
2 3159 4931 
2 6554 4739 
2 1793 8661 
2 6615 311 
2 3774 4901 
2 9171 652 
2 7583 1303 
2 6918 7778 
2 9587 5391 
2 1903 5614 
2 9352 6440 
2 6283 1583 
2 2950 2645 
2 9222 1036 
2 91 6986 
2 7096 4317 
2 8108 4246 
2 8653 7761 
2 4664 3987 
2 3328 1018 
2 8477 6278 
2 6586 6842 
2 8783 8319 
2 5096 14 
2 3464 970 
2 3598 9050 
2 6420 8801 
2 6062 1884 
2 5867 378 
2 1898 4762 
2 5476 3344 
2 9582 6492 
2 7924 5299 
2 6154 3024 
2 5118 4058 
2 6742 7431 
2 1350 1960 
2 3172 8329 
2 4473 7678 
2 7369 9906 
2 6817 6428 
2 5218 3070 
2 7978 8517 
2 8392 4656 
2 412 3582 
2 5514 7922 
2 9284 9039 
2 9269 26 
2 1411 6521 
2 8834 7850 
2 5497 7895 
2 2632 1592 
2 5917 9717 
2 1219 2709 
2 2968 204 
2 8179 4062 
2 9737 7399 
2 2293 6302 
2 2116 5744 
2 9462 2449 
2 8996 1672 
2 5001 5992 
2 2166 6253 
2 6167 5057 
2 4381 5300 
2 9742 5010 
2 1929 9534 
2 1928 7364 
2 5503 514 
2 4678 1920 
2 61 2841 
2 4091 1226 
2 4879 8612 
2 6885 2142 
2 2472 5700 
2 8616 5110 
2 609 1375 
2 4572 6887 
2 6695 1323 
2 7185 2583 
2 1524 373 
2 8351 2520 
2 5829 5902 
2 9901 2064 
2 4222 7389 
2 9237 2435 
2 623 1692 
2 6261 2695 
2 3669 1979 
2 8610 9239 
2 1222 6685 
2 6919 586 
2 6934 8313 
2 5055 5413 
2 5806 9030 
2 6663 3403 
2 8904 9936 
2 7688 8878 
2 3090 4707 
2 8640 2275 
2 9213 6281 
2 450 4069 
2 7831 9354 
2 301 6593 
2 8770 2996 
2 5182 9156 
2 2155 645 
2 9273 3044 
2 432 975 
2 2660 238 
2 1452 9486 
2 1109 3865 
2 203 8275 
2 189 2269 
2 2630 3340 
2 4721 3799 
2 3643 8134 
2 3665 4160 
2 5058 7960 
2 7861 3049 
2 5538 4056 
2 5135 1209 
2 4684 8475 
2 2582 4917 
2 7444 521 
2 8995 5411 
2 648 2285 
2 6556 4794 
2 5816 5169 
2 9611 734 
2 1421 6208 
2 486 5212 
2 3438 3835 
2 2311 3599 
2 8817 7781 
2 4122 5386 
2 2358 9474 
2 2453 8437 
2 7662 7906 
2 5472 6259 
2 669 3355 
2 9204 1821 
2 6359 4458 
2 8495 9339 
2 9180 4426 
2 5012 6747 
2 4194 1655 
2 6726 4706 
2 68 175 
2 8530 3885 
2 8789 9994 
2 7171 8557 
2 4913 4257 
2 6037 5441 
2 8001 3349 
2 6520 2781 
2 877 660 
2 8682 5041 
2 8167 3188 
2 5790 6504 
2 505 3948 
2 98 9858 
2 7320 1549 
2 5030 1518 
2 2314 292 
2 7445 1091 
2 2812 6082 
2 4843 9313 
2 6125 7047 
2 9651 4353 
2 1124 7063 
2 658 1770 
2 3577 1403 
2 4389 2744 
2 220 8821 
2 4802 446 
2 2079 5703 
2 1497 7891 
2 4009 1582 
2 1698 4662 
2 9099 3628 
2 8002 3837 
2 6818 3935 
2 9724 3473 
2 3789 5487 
2 6175 7851 
2 906 3579 
2 699 6810 
2 7658 9905 
2 8552 3059 
2 6263 6102 
2 7492 9789 
2 3763 9663 
2 4405 2801 
2 1383 1318 
2 3084 6460 
2 5568 3095 
2 1279 4002 
2 1122 2607 
2 7808 7788 
2 4132 33 
2 8752 3798 
2 7987 2663 
2 7296 315 
2 6193 3161 
2 8348 8797 
2 4478 2161 
2 6405 9227 
2 5983 3668 
2 6396 3491 
2 434 5237 
2 8927 5519 
2 9929 9201 
2 9616 5814 
2 9664 598 
2 513 2737 
2 2347 7115 
2 3635 8982 
2 5548 5043 
2 5074 5742 
2 9584 2509 
2 7839 8056 
2 7873 3560 
2 9650 3400 
2 1977 305 
2 7991 6227 
2 3422 7661 
2 5566 6294 
2 6875 8883 
2 603 1994 
2 2473 4412 
2 4488 9931 
2 7830 6853 
2 6270 8542 
2 9002 8963 
2 6945 2265 
2 9304 7702 
2 5278 935 
2 6117 9060 
2 1904 788 
2 1640 4274 
2 8186 2259 
2 9984 984 
2 542 6466 
2 369 5779 
2 2191 4768 
2 8254 3414 
2 9989 7533 
2 2433 9841 
2 5729 5794 
2 9774 4563 
2 4940 1311 
2 2955 9226 
2 8487 8180 
2 4741 1646 
2 3633 4806 
2 8941 4899 
2 6777 7615 
2 1892 5613 
2 7395 4570 
2 5569 3299 
2 4511 7568 
2 1963 8239 
2 2421 3684 
2 529 2543 
2 5019 2427 
2 3718 1152 
2 5489 3636 
2 876 4728 
2 532 1211 
2 3840 2512 
2 2184 6889 
2 1056 5849 
2 4825 9667 
2 2367 9857 
2 910 5722 
2 5190 4924 
2 376 4445 
2 3748 4355 
2 9131 3834 
2 4110 8593 
2 9835 1813 
2 2874 5778 
2 4965 9175 
2 1038 838 
2 3284 3915 
2 8835 50 
2 6161 7514 
2 3481 3053 
2 5727 5788 
2 9468 5100 
2 395 2244 
2 1464 3820 
2 1330 458 
2 916 5345 
2 2905 3936 
2 9605 5322 
2 1814 1079 
2 9301 8837 
2 5612 7502 
2 7064 5756 
2 6998 675 
2 3457 700 
2 7751 3971 
2 1811 2140 
2 7454 6599 
2 4286 8493 
2 8894 1974 
2 8160 1208 
2 977 8373 
2 4764 8648 
2 4602 9102 
2 4034 3121 
2 1818 183 
2 6101 3110 
2 6672 6794 
2 1437 1612 
2 9314 5032 
2 8335 3842 
2 5025 8152 
2 2236 8667 
2 5157 1271 
2 8558 5643 
2 5216 9852 
2 9250 3788 
2 6948 7617 
2 1703 6481 
2 5757 5859 
2 3337 5194 
2 9851 6601 
2 7631 4102 
2 9162 8708 
2 1117 7643 
2 302 2241 
2 3852 5388 
2 4392 7876 
2 8141 4280 
2 5972 8401 
2 9553 6670 
2 4131 7990 
2 7223 8700 
2 7220 4617 
2 8233 7278 
2 2362 711 
2 2941 4813 
2 2592 9342 
2 6470 5090 
2 7451 2928 
2 5206 7560 
2 8749 9908 
2 2633 2890 
2 8644 6539 
2 335 4214 
2 6356 7390 
2 7402 2129 
2 6751 7782 
2 921 1905 
2 2913 7591 
2 5095 5509 
2 8097 3717 
2 3568 2483 
2 3137 1682 
2 5863 8895 
2 917 8511 
2 6083 7847 
2 9875 3516 
2 3975 1631 
2 7371 7893 
2 3248 6538 
2 8390 4896 
2 1691 8064 
2 8053 2662 
2 431 4388 
2 3950 3361 
2 1410 3138 
2 2685 2694 
2 1724 4702 
2 974 6784 
2 7403 4811 
2 9526 5881 
2 424 5409 
2 1460 9765 
2 5156 5815 
2 601 9019 
2 2175 2554 
2 8866 1765 
2 9223 277 
2 9871 9746 
2 616 5081 
2 7521 6633 
2 2267 6789 
2 2724 4993 
2 9430 4938 
2 1097 8753 
2 6681 5964 
2 7665 6320 
2 7347 577 
2 7669 4415 
2 7332 934 
2 638 798 
2 8131 954 
2 2664 4063 
2 9157 4738 
2 9214 6135 
2 3866 3827 
2 8741 3549 
2 2245 3777 
2 7302 9917 
2 7611 7184 
2 2966 5943 
2 3016 2475 
2 5770 4247 
2 4149 8632 
2 2297 2661 
2 8346 1484 
2 3066 1684 
2 804 1889 
2 2798 1968 
2 8553 8190 
2 6094 6434 
2 7183 2104 
2 5130 9394 
2 1791 8087 
2 8219 2054 
2 6809 9826 
2 6100 2278 
2 1451 7768 
2 5008 261 
2 6123 9258 
2 4718 196 
2 568 2993 
2 9397 8986 
2 3651 5908 
2 9193 3658 
2 5046 2564 
2 6743 908 
2 3495 7340 
2 8284 9842 
2 8757 2617 
2 9802 2522 
2 3382 314 
2 7422 3910 
2 3204 4038 
2 7299 9543 
2 3564 502 
2 9080 7629 
2 2182 5355 
2 7464 516 
2 742 8604 
2 413 2380 
2 3408 7433 
2 2506 5903 
2 2586 6660 
2 9825 5184 
2 8413 1537 
2 1485 1474 
2 7217 8803 
2 820 4361 
2 268 390 
2 3771 6746 
2 4136 9602 
2 9374 5056 
2 4882 7069 
2 2072 9972 
2 6156 3042 
2 1556 3310 
2 1008 6131 
2 9115 5368 
2 6888 5160 
2 1649 7026 
2 6737 6358 
2 5091 3993 
2 288 348 
2 4372 2936 
2 5423 2803 
2 6353 8737 
2 9943 1952 
2 2238 5920 
2 1555 5223 
2 4623 7800 
2 402 9693 
2 776 8297 
2 1638 6243 
